structure(list(continent = structure(c(3L, 4L, 5L, 1L, 2L), .Label = c("Europe", 
"Oceania", "Africa", "Americas", "Asia"), class = "factor"), 
    meanLifeExp = c(48.8653301282051, 64.6587366666667, 60.0649032323232, 
    71.9036861111111, 74.3262083333333)), .Names = c("continent", 
"meanLifeExp"), class = c("tbl_df", "tbl", "data.frame"), row.names = c(NA, 
-5L))
