structure(list(continent = structure(c(1L, 5L, 2L, 4L, 3L), .Label = c("Africa", 
"Asia", "Oceania", "Europe", "Americas"), class = "factor"), 
    meanLifeExp = c(48.8653301282051, 64.6587366666667, 60.0649032323232, 
    71.9036861111111, 74.3262083333333)), .Names = c("continent", 
"meanLifeExp"), class = c("tbl_df", "tbl", "data.frame"), row.names = c(NA, 
-5L))
